244167333
412287667
600189556
164163628
890930557
374688901
901879497
406074534
86417697
205501763
965011315
26934878
446700663
976842766
379581841
378266750
453534970
105438008
466894619
408381860
850480953
601330891
542515031
609187937
436238168
49372931
755750757
654847933
581759374
125981903
768337588
395902897
217991846
144371284
715174794
987239851
621860991
397137258
151421824
782375182
672160395
264768029
355124227
1024604079
830237268
753293101
321725141
935789145
811908082
723293838
408942218
455088457
615329430
769967593
747009804
964765875
608840963
794454809
857130519
781006140
679665167
930728111
477644733
443234430
590292262
459498095
524667619
620957063
469430983
77025744
965312962
155168090
362964229
3828352
973294183
676117356
993277960
374353630
291587892
618226216
357664394
687969406
730187613
106233708
124607066
467081384
281345899
607265034
353111260
50078937
253989309
421876040
788854663
444482368
731604738
1046819680
146830437
93102915
458512063
787050497
897134231
364408312
82517967
313291212
226247375
439675564
162345183
837480919
459812819
924316511
383434990
274912301
292460289
77052230
1055209427
278156365
110218437
911137096
447801014
520225191
1004943653
175620226
852693141
628132898
701696054
19947715
819217089
103145624
357640868
464991504
409828703
522851672
757802542
598611489
147467240
361211555
792606247
978902753
97119657
680198959
364428278
802971890
154840643
218327208
207355799
578758952
471797292
276729898
767180824
636163081
938154796
76622536
142087197
845951572
801429729
839855624
747477596
472874358
566434108
340652133
8550946
310598678
808461570
476452300
514962380
656012938
46675020
1014156319
982040911
491117408
267925255
986666933
231016112
20804567
773909876
224063447
230232716
123160675
752079017
1018489669
679915154
860689708
907299598
260029615
174243844
125415055
932724961
1033944892
718567482
1008416155
336095411
729633543
569627935
1049631894
473789416
759024029
95187377
949615478
277055291
302817920
