3828352
8550946
19947715
20804567
26934878
46675020
49372931
50078937
76622536
77025744
77052230
82517967
86417697
93102915
95187377
97119657
103145624
105438008
106233708
110218437
123160675
124607066
125415055
125981903
142087197
144371284
146830437
147467240
151421824
154840643
155168090
162345183
164163628
174243844
175620226
205501763
207355799
217991846
218327208
224063447
226247375
230232716
231016112
244167333
253989309
260029615
264768029
267925255
274912301
276729898
277055291
278156365
281345899
291587892
292460289
302817920
310598678
313291212
321725141
336095411
340652133
353111260
355124227
357640868
357664394
361211555
362964229
364408312
364428278
374353630
374688901
378266750
379581841
383434990
395902897
397137258
406074534
408381860
408942218
409828703
412287667
421876040
436238168
439675564
443234430
444482368
446700663
447801014
453534970
455088457
458512063
459498095
459812819
464991504
466894619
467081384
469430983
471797292
472874358
473789416
476452300
477644733
491117408
514962380
520225191
522851672
524667619
542515031
566434108
569627935
578758952
581759374
590292262
598611489
600189556
601330891
607265034
608840963
609187937
615329430
618226216
620957063
621860991
628132898
636163081
654847933
656012938
672160395
676117356
679665167
679915154
680198959
687969406
701696054
715174794
718567482
723293838
729633543
730187613
731604738
747009804
747477596
752079017
753293101
755750757
757802542
759024029
767180824
768337588
769967593
773909876
781006140
782375182
787050497
788854663
792606247
794454809
801429729
802971890
808461570
811908082
819217089
830237268
837480919
839855624
845951572
850480953
852693141
857130519
860689708
890930557
897134231
901879497
907299598
911137096
924316511
930728111
932724961
935789145
938154796
949615478
964765875
964765875
965011315
965312962
973294183
976842766
978902753
982040911
986666933
987239851
993277960
993277960
1004943653
1008416155
1014156319
1014156319
1014156319
1014156319
1014156319
